2 1 530101 38.5 66 28 3 3 2.77886561542693 2 5 4 4 1.82023767371665 1.79369363769412 6.36520399268115 3 5 45 8.4 2.46905073312353 3.77237474430281 2 2 11300 0 0 2
1 1 534817 39.2 88 20 2.32822716965509 2.65818431934464 4 1 3 4 2 1.83656763961729 1.99523415164195 5.8418306334979 4 2 50 85 2 2 3 2 2208 0 0 2
2 1 530334 38.3 40 24 1 1 3 1 3 3 1 1.78903442886483 1.8005813244438 5.09747047800872 1 1 33 6.7 2.05373398513518 3.92915868605367 1 2 0 0 0 1
1 9 5290409 39.1 164 84 4 1 6 2 2 4 4 1 2 5 3 4.99353740681945 48 7.2 3 5.3 2 1 2208 0 0 1
2 1 530255 37.3 104 35 2.45900452150127 2.65888823704572 6 2 3.56430414389188 3.49181503623647 2.19545106333029 1.83519747417999 1.94437536827724 6.10161506182183 2.62341145628253 4.99424664434287 74 7.4 2.28746369551797 3.584717512409 2 2 4300 0 0 2
2 1 528355 38.8214482485612 81.8897603143322 30.0039570208708 2 1 3 1 2 3 2 2 1 5.75521813437625 3 3 48.807865430755 7.02803289523356 2.41035886718014 3.95953027199751 1 2 0 0 0 2
1 1 526802 37.9 48 16 1 1 1 1 3 3 3 1 1 5.58608738189803 3 5 37 7 2.08188882738163 3.94185135302506 1 1 3124 0 0 2
1 1 529607 38.3665344302488 60 27.8231807759659 3 2.72996296177801 3.63134813939064 1 3.41548204385886 4 2 2 1 5.27933663816829 3 4 44 8.3 2.15201385067262 3.63807754405656 2 1 2208 0 0 2
2 1 530051 38.911947551191 80 36 3 4 3 1 4 4 4 2 1 6.57344384762047 3 5 38 6.2 2.62264787875366 3.46881398780534 3 1 3205 0 0 2
2 9 5299629 38.3 90 28.2573447926928 1 2.66389785534308 1 1 5 3 1 2 1 5.33373536492302 3 4.95756109910147 40 6.2 1 2.2 1 2 0 0 0 1
1 1 528548 38.1 66 12 3 3 5 1 3 3 1 2 1 3 2 5 44 6 2 3.6 1 1 2124 0 0 1
2 1 527927 39.1 72 52 2 2.22327667162477 2 1 2 1 2 1 1 6.1585633204418 4 4 50 7.8 2.59741536305296 4.20391192908059 1 1 2111 0 0 2
1 1 528031 37.2 42 12 2 1 1 1 3 3 3 3 1 5.29755022181519 4 5 46.6270846391534 7 1.98119305869996 3.65164864678685 1 2 4124 0 0 2
2 9 5291329 38 92 28 1 1 2 1 1 3 2 3 1.78759754264187 7.2 1 1 37 6.1 1 3.81585613378709 2 2 0 0 0 1
1 1 534917 38.2 76 28 3 1 1 1 3 4 1 2 2 5.43823652024116 4 4 46 81 1 2 1 1 2112 0 0 2
1 1 530233 37.6 96 48 3 1 4 1 5 3 3 2 3 4.5 4 4.99449773684642 45 6.8 2.36736183198187 3.06283435434106 2 1 3207 0 0 2
1 9 5301219 38.9136420389209 128 36 3 3 4 2 4 4 3 3 1.59392633543805 6.56908840943133 4 5 53 7.8 3 4.7 2 2 1400 0 0 1
2 1 526639 37.5 48 24 2.17174636514351 2.64086427356742 3.56383846696608 1.23502423956884 3.48967173833465 3.47123710691417 1.52054399838403 1.82882249592727 2.08171250584581 5.39074890031025 2.41789992905187 4.99160964085645 46.9601778653368 6.68365509577168 1.88639807077007 3.80048521991356 1 2 0 0 0 2
1 1 5290481 37.6 64 21 1 1 2 1 2 3 1 1 1 4.67201610545665 2 5 40 7 1 3.78853914584666 1 1 4205 0 0 1
2 1 532110 39.4 110 35 4 3 6 1.5964227980574 3.00315039355107 3 3 1.77061397853909 1.51763573903423 6.25491941713137 2.3961295994287 4.99702208204449 55 8.7 2.68133816858714 3.97963103596024 1 2 0 0 0 2
1 1 530157 39.9 72 60 1 1 5 2 5 4 4 3 1 6.5223248649506 4 4 46 6.1 2 3.83798718555468 1 1 2111 0 0 2
2 1 529340 38.4 48 16 1 2.62198643799585 1 1 1 3 1 2 3 5.5 4 3 49 6.8 1.76159485737431 3.89410844491911 1 2 0 0 0 2
1 1 521681 38.6 42 34 2 1 4 1.34014196758388 2 3 1 1.7106825932616 1.9863980448514 5.34318971490556 1 4.98968080571108 48 7.2 2.01286771586271 4.04634137695413 1 1 3111 0 0 2
1 9 534998 38.3 130 60 2.58092014286417 3 3.12913978929557 1 2 4 2.40144091103905 1.86914908405877 1.87223393198776 6.15981711330436 2.71567671879157 4.99137973961569 50 70 2.39114427527472 3.38263748637984 1 1 3111 0 0 2
1 1 533692 38.1 60 12 3 3 3 1 3.47835499651584 4 3 3 2 2 2.28630200581619 4.9891973881633 51 65 1.89566648509824 3.5850951126764 1 1 3111 0 0 2
2 1 529518 37.8 60 42 2.21425683339232 2.69454174861674 3.45781102674938 1 3.59064301462762 3.51620832349246 1.71400581530979 1.85576745348523 2.07880219084164 5.56673515075602 2.48623652435332 4.99150342082315 47.5422666386703 6.69249246070631 1.95758606916042 3.65047356649439 1 2 0 0 0 2
1 1 530526 38.3 72 30 4 3 3 2 3 3 3 2 1 5.44870738850819 3 5 43 7 2 3.9 1 1 3111 0 0 1
1 1 528653 37.8 48 12 3 1 1 1 3.16244594182607 3 2 1 1 4.75244757174166 1 3 37 5.5 2 1.3 1 2 4122 0 0 1
1 1 5279442 38.5430268094322 80.0755037797513 32.2739750103057 2.38969523035559 2.63123361521244 2.92775775403349 1.3364848657251 3.40934895431999 3.3874293564841 2.05652250231071 1.86148895735888 1.96870923320541 5.95294662217281 2.38121865478003 4.95412785024734 48.544229312181 6.91101578603169 2.15948160231744 3.66184556100279 2 2 4300 0 0 2
2 1 535415 37.7 48 26.9709859848342 2 1 1 1 1 1 1 1 1 5.40572379680788 2.47187274116228 4.951236896526 45 76 2.25120306397393 4.0181918146596 1 2 0 0 0 2
2 1 529475 37.7 96 30 3 3 4 2 5 4 4 3 2 4 4 5 66 7.5 2.52647521788695 3.1136910944925 2 1 4205 0 0 2
2 1 530242 37.2 108 12 3 3 4 2 2 4 2 1.74301446438229 3 6 3 3 52 8.2 3 7.4 3 1 2207 0 0 1
1 1 529427 37.2 60 31.8934949480288 2 1 1 1 3 3 3 2 1 5.71175162934149 4 5 43 6.6 2.21446595836787 3.56332250150129 1 1 2209 0 0 2
1 1 529663 38.2 64 28 1 1 1 1 3 1 1.7860926812025 1.59473445926481 1.82371241993326 5.71292271767365 4 4 49 8.6 2 6.6 1 1 2208 0 0 1
1 1 529796 38.392774227889 100 30 3 3 4 2 5 4 4 3 3 6.6210261231134 4 4 52 6.6 2.56022511975432 3.16543104952586 1 1 1124 0 0 2
2 1 528812 39.4506263691115 104 24 4 3 3 2 4 4 3 1.92078972451121 3 6.75556910040594 1.85155653385893 2 73 8.4 2.72684934418703 3.99302237830901 3 1 7111 0 0 2
2 1 529493 38.3 112 16 2.68873612102046 3 5 2 3.10621109963374 3.27753055835928 1 1 2 5.95711749522839 2.28895036789358 5 51 6 2 1 3 2 5205 0 0 1
1 1 533847 37.8 72 22.7383619922074 2.23144102216484 3 3.76914682741682 1 5 3 1 1.9433776100305 1 4.78838019926992 1 1 56 80 1 2 1 1 3111 0 0 2
2 1 528996 38.6 52 26.2451228871434 1 1 1 1 3 3 2 1 1 5.32269373041538 1 3 32 6.6 1 5 1 2 0 0 0 1
1 9 5277409 39.2 146 96 2.81386290419691 2.67631353355682 2.60098601643338 1.43727555230381 3.54161702095126 3.43002298995849 2.89882287561999 1.86319272078743 1.73500667909966 6.74200586388682 2.72216303147487 4.97496404599098 51.0240691862658 7.12425123109636 2.70619740046823 3.35958948892949 2 1 2113 0 0 2
1 1 529498 38.5551844337619 88 40.2808386023844 3 3 6 2 5 3 3 1 3 6.62913096446908 4 5 63 6.5 3 3.59828268651541 2 1 4205 0 0 2
2 9 5288249 39 150 72 2.88597411468067 2.67785583554456 2.4802522354668 1.47785614945431 3.33794784272268 3.31367303066111 2.86001625018872 1.88112731341563 1.6161568468352 6.60012449979504 2.51868027323174 4.95780060435665 47 8.5 2.71970269043945 0.1 1 1 9400 0 0 1
2 1 530301 38 60 12 3 1 3 1 3 3 1 1 1 5.02100045798233 2 2 47 7 2.14415617766962 3.93560577942912 1 2 3111 0 0 2
1 1 534069 38.5326825631488 120 44.9254170596201 3 4 4 1 4 4 4 1 1 6.72616447381996 2.90061310617392 5 52 67 2 2 3 1 3205 0 0 2
1 1 535407 35.4 140 24 3 3 4 2 4 4 2.74793192520676 2 1 6.31005173093422 3.06243568548573 5 57 69 3 2 3 1 3205 0 0 2
2 1 529827 38.9839885536519 120 43.9630748310176 4 3 4 2 5 4 4 1 1 6.94491797155238 4 5 60 6.5 3 3.41569037981973 2 1 3205 0 0 2
1 1 529888 37.9 60 15 3 2.22779872620504 4 2 5 4 4 2 2 6.34054647191515 4 5 65 7.5 2.6439468738262 3.67855400861199 1 1 2305 0 0 1
2 1 529821 37.5 48 16 1 1 1 1 1 1 1 1 1 5.03778700108418 1 4.93654126556338 37 6.5 2.01370237987825 3.90568509234981 1 2 0 0 0 2
1 1 528890 38.9 80 44 3 3 3 2 2 3 3 2 2 7 3 1 54 6.5 3 4.02511751677166 2 1 7111 0 0 2
2 1 529642 37.2 84 48 3 3 5 2 4 1 2 1 2 5.93619168525084 2 1 73 5.5 2 4.1 2 2 4300 0 0 1
2 1 529766 38.6 46 27.2200358274931 1 1 2 1 1 3 2 1 1 5.40972630922352 2.41057229024433 2 49 9.1 1 1.6 1 2 3111 0 0 1
1 1 527706 37.4 84 36 1 2.09975193859398 3 2 3 3 2 1.55409818105929 1.89635785452525 6.26338789082988 4 5 46.9222106858419 7.01971811657531 3 3.98097441249491 2 1 7209 0 0 1
2 1 529483 38.6128961923176 73.5391978520085 27.3137393957839 1 1 3 1 1 3 1 1.8282361414875 1.88476376150641 5.60187145383863 2 2 43 7.7 2.0826895573294 3.96466356705548 1 2 3111 0 0 2
2 1 530544 38.6 40 20 2.65601565462796 2.54227433451185 3.88337944520557 1 3.20071304932675 3.22249914829392 1.61388877181184 1.77922070026446 1.63952121974109 5.03370394690955 2.4702794761118 4.99191646699146 41 6.4 2.20392130926664 3.88831614840889 1 2 3111 0 0 1
2 1 529461 40.3 114 36 3 3 1 2 2 3 3 2 1 7 1 5 57 8.1 3 4.5 3 1 7400 0 0 1
1 9 5282839 38.6 160 20 3 2.69550139579932 5 1 3 3 4 3 1.6862568970811 6.16602640187303 4 4.97063344982213 38 6.85274033602958 2 3.24269032067163 2 1 7111 0 0 1
1 1 528872 38.3804614533464 70.9829856425941 28.9125783462394 2.40108945898358 2.47855959337311 3.58443419834207 1.32619246468419 3.4420566122688 3.39393958221679 1.74198509018027 1.74883228654364 1.97322003575262 5.62445090051131 2.64493676867331 4.99044751014292 24 6.7 2.13077399574165 3.83891038351958 1 1 3112 0 0 2
1 1 529640 38.2503174826311 64 36 2 2.74817159997204 2 1 5 3 3 2 2 6.06905100409741 2.55874680047269 4.99440124499982 42 7.7 1.96998383608641 3.51942204011602 2 1 3209 0 0 2
1 1 528298 38.4644057412136 100.325879397508 20 4 3 3 1.30950847477864 5 4 3 2 1.76011184438813 6.67717100842595 4 4 53 5.9 3 3.03271469605638 2 1 3205 0 0 1
2 1 528904 38.8508640222518 96 42.960732874917 3 3 3 2 5 4 4 1 2 6.87677732422917 4 5 60 7.19558673723965 2.77399019412339 3.42488342483477 2 1 4205 0 0 2
2 1 530438 37.8 48 32 1 1 3 1 2 1 1.71536031253604 1 1 5.53937729231759 4 5 37 6.7 2.27151897648565 4.02851540100751 1 2 2124 0 0 2
2 1 527957 38.5 60 27.4865137081282 2 2 1 1 1 2 2 2 1 5.48507165266268 1 1 44 7.7 2.28881819890253 3.96025159367554 1 2 0 0 0 2
1 1 528630 37.8 88 22 2 1 2 1 3 3.48175808889274 1.76329691976316 2 2.00411795748968 5.53315308379006 4 4.99216618956943 64 8 1 6 2 1 3205 0 0 1
2 1 534293 38.2 130 16 4 3 4 2 2 4 4 1 1 6.60130922568674 1.99166974016999 4.99578154869473 65 82 2 2 3 2 2209 1400 0 2
1 1 529667 39 64 36 3 1 4 2 3 3 2 1 2 7 4 5 44 7.5 3 5 1 1 2113 0 0 1
1 1 534885 38.5246130703596 60 36 3 1 3 1 3 3 2 1 1 5.45312903629154 3 4 26 72 2 1 1 1 2208 0 0 2
2 1 534784 37.9 72 26.0423113500578 1 1 5 2 3 3 1 1 3 2 3 4 58 74 1 2 1 1 2322 0 0 2
2 1 528931 38.4 54 24 1 1 1 1 1 3 1 2 1 5.18313866876639 3 2 49 7.2 1 3.93760060383081 1 2 3111 0 0 1
2 1 529777 38.1800279163864 52 16 1 2.80329762624256 3 1 3.66609299238111 3.69181512582853 1.45215768068971 2 3 5.5 2.19917885499041 4.99231575459456 55 7.2 1.58601224718772 3.7641716771487 1 2 2124 0 0 2
2 1 530276 38 48 12 1 1 1 1 1 3 1.7428420164032 1 1 5.35790895957782 3 2 42 6.3 2 4.1 1 2 3111 0 0 1
2 1 528214 37 60 20 3 2.70340054835503 3.50231130816216 1 3 3.46171050838911 3 2 2 4.5 4 4 43 7.6 2.25458144578631 3.44088351228528 3 1 2209 0 0 1
1 1 529424 37.8 48 28 1 1 1 1 1 2 1 2 1.76664603105502 5.05656013185045 1 1 46 5.9 2 7 1 2 0 0 0 1
1 1 5299253 37.7 56 28.3689478375778 2.07903089043735 2.66045323746406 3.34000307336587 1.18104924970515 3.63960936109204 3.51860152689896 1.62625959128947 1.86730998398835 2.22302619346089 5.56278195856641 2.44450483833402 4.96291663474368 47.0097107645946 6.65625036922079 1.81576503229778 3.61497710433032 2 1 2113 0 0 2
1 1 528469 38.1 52 24 1 1 5 1 4 3 1 2 3 7 1 4.99534407623838 54 7.5 2 2.6 2 1 2112 0 0 1
1 9 5292929 38.5304850662847 77.2410788065276 29.8963170983688 2.48517776807472 2.4098613134315 2.70812824801631 1.30538444441224 3.20066909538755 3.06895913493805 1.90701325157371 1.87016917801678 1.95191663678702 5.55566056784676 2.20291962339134 4.83476147869897 37 4.9 2.02475986872605 3.61071429893879 2 1 11124 0 0 2
1 9 534092 39.7 100 33.6391418441445 3 3 5 2 2 3 2.376799558545 1.82452164108403 1.55277343781385 6.24404163729711 2.18770466804786 4.99367596410658 48 57 2 2 3 1 1400 0 0 2
1 1 534615 37.6 38 20 3 3 1 1 3 3 2 1.86311985654497 2.07991205588466 5.15036093033259 3 4.98466939330638 37 68 1.79059648090536 3.74503384759642 1 1 3205 0 0 2
2 1 534753 38.7 52 20 2 2.47855208778265 1 1 1 1 1 1 1 5.30035785675575 1 1 33 77 2.22851782287409 4.00519184312227 1 2 0 0 0 2
1 1 530693 38.8910674466612 91.3874505427276 37.9591321755211 3 3 3 3 5 3 3 3 2 6.57410456810654 4 5 46 5.9 2.63637650804418 3.76992782723274 2 1 3025 0 0 2
1 1 527463 37.5 96 18 1 3 6 2 3 4 2 2 3 5 2.77653203729714 4 69 8.9 3 3.75721114400335 1 1 2208 0 0 1
1 1 527518 36.4 98 35 3 3 4 1 4 3 2 1.88681092923867 1.77390412741374 5.84032225282935 4 4 47 6.4 3 3.6 2 1 2205 0 0 1
1 1 534756 37.3 40 24.6767087859845 2.49145477057691 3 1 1 2 3 2 3 1 4.83238101416086 3 5 36 6.47577617798442 3 2 1 1 3111 0 0 2
1 9 5290759 38.1 100 80 3 1 2 1 3 4 1 1.79738715397286 1.94658430639388 5.756804976101 1 4.92595841968844 36 5.7 2.17731883617774 3.66463720312221 1 1 3111 0 0 2
1 1 5279822 38 87.2749961354925 24 3 3 6 2 5 3.4110814220806 4 1 1 6.22860663824636 2.88114509102621 4.98643751587597 68 7.8 2.52833135698808 3.50971093793246 2 1 3205 0 0 2
1 1 529849 37.8 60 80 1 3 2 2 2 3 3 1.58056785292897 2 5.5 4 4.99415296683197 40 4.5 2 3.84572943060953 1 1 5206 0 0 1
2 1 529304 38 54 30 2 3 3 3 3 1 2 2 2 6.12762253319227 2.57706396952629 4 45 6.2 2.51619753306412 4.26789470388844 1 2 400 0 0 2
1 1 529388 38.4393088868185 88 40 3 3 4 2 5 4 3 3 1.78393266988429 6.80534585034151 4 5 50 7.7 3 1.4 2 1 4205 0 0 1
2 1 528006 38.8093150780781 40 16 2.49745365227301 2.7929622742795 2.94679691919721 1 3.07192637887505 3.31694842356666 1.96420131262936 1.90032314730976 1.67942448063042 5.69615499500587 2.02000691039203 4.99615798982999 50 7 2 3.9 3 1 2208 0 0 1
2 1 529703 39 64 40 1 1 5 1 3 3 2 2 1 5.33842641586697 3 3 42 7.5 2 2.3 1 2 5000 0 0 1
2 1 535381 38.3 42 10 1 1 1 1 1 1 1 1.76809754607071 1.8966397747845 5.3584598136885 2.33245728776889 4.94707963090492 38 61 2.04290519913337 3.99278081125304 1 2 0 0 0 2
2 1 534197 38 52 16 2.23015806483075 2.67823573587778 3.43101444708436 1.23331662550662 2 3.34820184774299 1.46411487407319 1.87747802717403 3 1 1 1 53 86 1.85003669731549 3.81471979305477 1 1 2322 0 0 2
2 1 529461 40.3 114 36 3 3 1 2 2 3 3 2 1 7 1 5 57 8.1 3 4.5 2 1 3205 0 0 1
2 1 530251 38.8 50 20 3 1 1 1 1 1 1 2 1 5.39065742148306 3 1 42 6.2 2.32584245854147 4.06313581207994 1 2 0 0 0 2
2 1 530310 38.6936983202383 95.5486944853588 39.8503071759502 3 3 1 1 5 3 3 1 1 6.50924498145579 4 5 38 6.5 2.60404839280059 3.39925569237837 2 1 3205 0 0 2
2 1 528729 37.5 48 30 4 1 3 1 3.14792617821853 2 1 1 1 5.02495265540184 1 1 48 8.6 2.1851060729539 3.89191583729648 1 2 0 0 0 2
1 1 535158 37.3 48 20 2.40579360253687 1 2 1 3 3 3 2 1 5.27099223566112 3 5 41 69 2.03742274556416 3.75523257148163 1 1 3205 0 0 2
2 1 530319 38.6075171260816 84 36 2.54173595345874 2.66508202262135 3 1 3.1829142183211 3 1 2 1 5.44438039303217 3 2 44 8.5 2.20537685706703 3.86616050492527 1 1 3111 0 0 2
1 1 534145 38.1 88 32 3 3 4 1 2 3 3 1.86842563780172 3 1 4 5 55 60 2.07768579625421 3.54161745346821 3 2 3205 0 0 2
2 1 534135 37.7 44 40 2 1 3 1 1 3 2 1 1 5.34592778865712 1 5 41 60 2.18410201192941 3.97477984538787 1 2 0 0 0 2
2 1 530002 39.6 108 51 3 3 6 2 2 4 3 1 2 6.54512820942331 3 5 59 8 2 2.6 1 2 4300 0 0 1
1 1 535364 38.2 40 16 3 3 1 1 1 3 1.51250564331481 1.86962204918389 1.83709882723036 5.04922873341562 1 1 34 66 1.95167400347387 3.80421318297536 1 2 0 0 0 2
1 1 534899 38.6428345016734 60 20 4 3 4 2 5 4 2.23017069341745 1.77258496670507 1 6.09351946800418 4 5 48.8455110052645 6.98280150115858 2.44450490374121 3.74472180199849 3 1 3205 0 0 2
2 1 534938 38.3 40 16 3 2.55316792932747 1 1 2 3.31541780825665 1.65645552409559 1.79981229225687 1.8840509987139 5.42526886823882 2.36991205199565 4.97677167240686 37 57 2.07477580663741 3.9027133765857 1 2 0 0 0 2
1 9 5292489 38 140 68 1 1 1 1 3 3 2 1.84401256129547 1.96076507421743 5.80933416925548 2 1 39 5.3 2.1595372894605 3.51095963522775 1 1 7111 0 0 2
1 1 527563 37.8 52 24 1 3 3 1 4 4 1 2 3 5.7 2 5 48 6.6 1 3.7 2 1 5400 0 0 2
1 1 530381 38.5265996032059 70 36 1 1.95123900071315 3 2 2 3 2 2 1.9971478845713 4.96308691487827 4 5 36 7.3 1.77130772138469 3.66535576960785 1 1 31110 0 0 2
1 1 528668 38.3 52 96 2.74128538043516 3 3 1 3.70101849607036 3.4594680432438 2.4588741136299 1 1 6.13127492004197 1 4.99172538342998 43 6.1 2.51453812372975 3.35500507285431 1 1 3209 0 0 1
2 1 529764 37.3 50 32 1 1 3 1 1 3 2 1.85419844229543 2.09755183071677 5.2878128421675 1 4.98387186800092 44 7 1.80213573190337 3.83321079339928 1 2 0 0 0 2
1 1 533696 38.7 60 32 4 3 2 2 4 4 4 1.79374447067309 1.75736583055 6.71522994799698 4 5 53 64 3 2 3 1 3205 0 0 2
1 9 5297379 38.4 84 40 3 3 2 1 3 3 3 1 1 5.87339099216301 2.62814916602265 4.97096767699513 36 6.6 2 2.8 2 1 2205 0 0 1
1 1 527544 38.7542015248489 70 16 3 4 5 2 2 3 2 2 1 5.4955564788701 4 5 60 7.5 2.36745374886831 3.96971744256161 2 1 2112 0 0 2
1 1 533736 38.3 40 16 3 2.49429302241087 3.3085791869295 1 1 3 2 1.82494623515476 1.8134333197189 5.27394715533339 2.29153851888951 4.92220027605067 38 58 1 2 1 1 3111 7111 0 2
1 1 534963 38.6042065814164 40 27.396839189342 2 1 1 1 1 3 1 1 1 5.55891143640054 2.59767752886883 5 39 56 2.25763031061457 4.11386011251412 1 1 3111 0 0 2
1 1 527933 36.8 60 28 2.42428799455564 2.47303587790492 3.71710817142429 1.31540689609878 3.40314064385358 3.36381752462504 1.64871881017786 1.74416115514093 1.93044202077169 5.44945458600407 2.62696233084955 4.99235678381153 46.5487872846047 6.73631354909318 2.11115563146793 10 2 1 3205 0 0 1
1 1 532349 38.4 44 24 3 2.34900721036444 4 1.37638136016671 5 4 3 2 1 5.7404558992846 4 5 50 77 2.34815168063483 3.82157990335735 1 1 3205 0 0 2
2 1 533723 38.9594346074229 84.8069696714669 40 3 1 1 1 3 3 2 1.76975288981254 1.71147239259584 6.2257295002152 2.34163477626144 4.98868830525439 45 70 2.48081637234802 4.03028630549546 1 2 0 0 0 2
1 1 535208 38 44 12 1 1 1 1 3 3 3 2 1 5.59740238952725 4 5 42 65 2.11258560224716 3.81959099176684 1 1 3205 3111 0 2
2 1 5290482 39.5 87.0860816379296 34.6183158606712 3 3 4 2 3 4 3 1.82518930009604 3 5.5 4 5 50.3902530825011 6.7 1 3.89645470655301 3 1 4205 0 0 2
1 1 533983 36.5 78 30 1 2.62098617050265 1 1 5 3 1 1.86619069514951 1 5.44549573724299 2.45706193734514 4.94430239010181 34 75 2 1 1 1 3112 6112 0 2
2 1 535166 38.1 56 20 2 1 2 1 1 3 1 1 1 5.43396451629699 2.49803293688211 4.97897636390897 46 70 2.24346777931434 4.06059402183389 1 2 0 0 0 2
1 1 528682 39.4 54 66 1 1 2 1 2 3 2 1 1 6.21422527655401 3 4 39 6 2 4.31437868377338 1 1 2206 0 0 1
1 1 534556 38.3 80 40 2.20804486170264 2.68835173839755 6 2 4 3 1 1.84928541478642 2 5.6703484400319 1 4 67 10.2 2 1 3 1 2208 0 0 2
2 1 534579 38.7 40 28 2 1 1 1 3 1 1 1.86222532767266 1.93121429294864 5.15374083960093 1 4.93738086322191 39 62 1 1 1 2 0 0 0 2
1 1 530360 38.2 64 24 1 1 3 1 4 4 3 2 1 5.5215001579851 4 4 45 7.5 1 2 2 1 3205 0 0 1
2 1 529840 37.6 48 20 3 1 4 1 1 1 3 2 1 5.28167872373424 1 1 37 5.5 2.20575523032052 3.87904129605081 3 1 2205 0 0 2
1 1 528461 38 42 68 4 1 1 1 3 3 2 2 2 6.16853527475106 4 4 41 7.6 2.43798566401972 3.84019442097 1 1 2205 0 0 2
1 1 530384 38.7 68.6951690964696 24.726233404618 3 1 3 1 5 4 2 1.8875321388978 2.01096510997264 4.60669135340372 1.92357930512205 4.55850420799721 33 6.5 2 3.38434752251915 1 1 31110 0 0 2
1 1 5262541 37.4 50 32 3 3 4.28427249799994 1 4 4 1 2 1 4.10804948808753 1 4.98158100455742 45 7.9 2 1 1 1 2208 0 0 1
1 1 535330 37.4 84 20 2.16073260279615 2.75532858160296 3 1 2 3 3 1.89254720189578 2.13242724848261 5.65365625239887 2.46113961067569 4.9851170889057 31 61 1.92429168908716 1 3 2 2208 0 0 2
1 1 527698 38.4 49 24.4885007579585 2.24463193271015 2.68952679992571 1 1 3.44489655869618 3.41451286777789 1 2 1 5.09732855070698 2.34649455650671 4.98440441569059 44 7.6 1.8676132966681 3.74938117637307 1 1 2206 0 0 2
1 1 528964 37.8 30 12 1.51369585320433 2.84777199293421 3.31840858732149 1.08817170899443 3.76829597671361 3.75800389648355 1.17102775283371 1.92763497777005 2.58476793602017 5.45977146976408 2.16987394777568 4.99625101869706 47.3044077688212 6.601042691004 1.36362043998525 3.74737325352311 2 1 2113 0 0 2
2 1 530670 37.6 88 36 3 1 1 1 3 3 2 1 3 1.5 2.50326059524404 4.97714312054877 44 6 2.0286700878266 3.77235625774943 2 1 1400 0 0 2
1.05524245424956 1 534572 38 48 20 3 1 3 1 4 3 1 2 1 4.81571785446428 3 5 43 73 2 1 1.3999336098575 1 3111 0 0 2
2 1 530294 37.9 40 24 1 1 1 1 2 3 1 1.81671700141129 2.22169165775786 5.47661941405448 2.34193270467758 3 40 5.7 1.76841833429571 3.89979521249531 1 1 400 0 0 2
1 1 527524 38.5487205919813 100 35.9909992284609 3 2.73131801621874 4 2 5 4 2.34563390357366 2 1.9106772078373 6.24680037551691 2 4.99760451844565 59 6.3 2.34822611742729 3.51895792548212 2 1 4205 0 0 2
1 9 5287179 38.1 136 48 3 3 3 1 5 1 3 2 2 4.4 2 4.95783967639168 33 4.9 2 2.9 2 1 2205 0 0 1
1 1 530693 38.4596527188408 93.1990598108317 40.8137237227515 3 3 3 2 5 3 3 3 2 6.51433307064285 4 5 46 5.9 2.52039635726206 3.22626663488501 2 1 3025 0 0 2
1 1 534324 38 48 31.778630493874 1 1 1 1 1 2 4 2 2 5.93603915095084 4 5 47.0316102683803 6.88342860433943 2.23909201554189 3.83127624258144 1 1 3111 0 0 2
2 1 532349 38 56 24.6448978891246 1 2 3 1 1 1 1 1 1 5.08288617967358 1 1 42 71 2.10958133381453 3.90386388099733 1 2 0 0 0 2
2 1 534491 38 60 32 1 1 3.59783804547677 1 3 3 1.59161553926382 1 1 5.26930426468035 2.3911790181946 4.98486444149456 50 7 1 1 1 2 0 0 0 2
1 1 529960 38.1 44 9 3 1 1 1 2 2 1 1 1 5.22109335715789 4 5 31 7.3 2.22194546217596 4.0642426992048 1 2 5124 0 0 2
2 1 522979 36 42 30 1.90643242904785 2.84539232970431 5 1 3.78413410733728 3.66998516891758 1.53654017799841 1.92919864689602 2.30707775362921 5.48668976169636 2.37895302806917 4.99349751795614 64 6.8 1.68228132426665 3.53043126015231 2 2 1400 0 0 2
1 1 530402 38.4176094895666 120 48.6270556314698 4 3 6 2 5 4 4 1.83950205708316 1.808158028241 6.98308228896511 4 5 57 4.5 3 3.9 2 1 3205 0 0 1
1 1 529424 37.8 48 28 1 1 1 2 1 2 1 2 1.75073706845425 5.51928347794566 1 1 46 5.9 2 7 1 2 0 0 0 1
1 1 534519 37.1 84 40 3 3 6 1 2 4 4 3 2 2 4 5 75 81 2.27838893154448 3.14401211758601 3 2 1400 0 0 2
2 1 535246 39.1106982631944 80 32 3 3 2 1 2 3 3 2 1 6.05579160617297 3 4.99394826841943 50 80 2.55854682676094 3.95511142690678 1 1 0 0 0 2
1 1 534115 38.2 48 30.1100965452103 1 3 3 1 3 4 4 1 3 2 4 5 42 71 1.90129023960767 3.62845137588031 1 1 3111 0 0 2
2 1 530001 38 44 12 2 1 3 1 3 4 3 1 2 6.5 1 4 33 6.5 1.87857797910466 3.88130405750444 2 1 2209 0 0 2
1 1 529272 38.3 132 35.3114536529031 2.75627121620772 3 6 2 2 4 2 2 3 6.2 4 4 57 8 2.57223227607486 5.2 1 1 2112 0 0 1
2 1 535314 38.7 48 24 2.77952747048088 2.45142628464975 3.34289940714642 1.4985556889388 1 1 1.83552702460677 1 1 5.41588342986993 1 4.96997933510498 34 63 2.38585937245398 4.11423534026834 1 2 0 0 0 2
2 1 533793 38.9 44 14 3 1 1 1 2 3 2 1.70237949402882 1.78291826728758 5.69637247375707 2.47044771401265 2 33 64 2.29585469868102 4.10136430612587 1 2 0 0 0 2
1 1 529399 39.3 82.2714753489753 36.6551312606518 4 3 6 2 4 4 2 1 3 4 4 4 75 7.14461311867407 3 4.3 2 1 2207 0 0 1
1 1 533836 38.9256779459198 100 37.4029734584196 3 3 4 2 3.24527937995452 4 4 2 1 2 2.44050977624047 4.99691609367079 68 64 3 2 1 1 2209 0 0 2
2 1 528804 38.6 48 20 3 1 1 1 1 3 2 2 1 5.29556375334732 3 2 50 7.3 1 4.0055035862421 1 2 3111 0 0 1
2 1 535163 38.8 48 40 1 1 3 1 3 3 4 2 1.95535156988193 6.04746891878074 2.56185118908115 5 41 65 2.26029016631419 3.9104235031732 1 1 4124 0 0 2
2 1 528247 38 48 20 3 3 4 1 1 4 2 2 1.58127918494327 5 2.23008846573056 2 49 8.3 1 3.77037463525311 1 2 400 0 0 1
2 1 528996 38.6 52 20 1 1 1 1 3 3 2 1 1 5.28367711751242 1 3 36 6.6 1 5 1 2 0 0 0 1
1 1 533928 37.8 60 24 1 2.73604801931389 3 2 3.70210590178965 4 4 2 3 2 2.43275400763866 5 52 75 1.85450190506929 3.65291598650991 3 1 2205 0 0 2
2 1 528248 38 42 40 3 1 1 1 3 3 1 1.74356589078366 2.00855054809071 5.624043703065 2.50702129993199 4.97374931145499 46.8279517446078 6.84207562882085 2.06657884201058 3.95804820473032 1 2 3111 0 0 2
2 1 528134 39.0505413943768 86.0933593818322 12 1 1 2 1 2 1 2 3 1 5.46019852568777 1 3 44 7.5 2 4.02658034553484 1 2 0 0 0 1
1 1 527916 38.4504273188886 77.7115904155821 30.2286771328054 2.66375946141419 2.53952780967025 3.61520033368733 1.32531087230475 4 3.31641023949258 1.9552653677911 1 1 5.53819997788368 2.66197735358922 5 35 58 2 1 1 1 4205 0 0 2
1 1 530431 38.3 42 24 1.47723528308204 2.87087876596337 3.25706410274901 1 3.80110197661447 3.77820525460569 1.18755853895353 1.94313728163798 2.61954402739557 5.4962468422814 2.15344505487953 4.99230210134371 40 8.5 1.33702102481286 3.70845153722835 2 1 7113 0 0 2
2 1 535176 39.5 60 10 3 2.45330917707271 3.30798826120682 2 3 3 2 2 1 5.58649411951999 3 4.98759272957138 38 56 1 4.1565107628038 1 2 0 0 0 2
1 1 533942 38 66 20 1 3 3 1 5 3 1 1 1 5.47079610173696 3 4.99127921731866 46 46 3 2 3 1 6209 0 0 2
1 1 528523 38.7 76 33.1322740560413 1 1 5 2 3 3 2 2 2 6.34814546753886 4 4 50 8 2.71550183471863 4.48218259940263 1 1 2208 0 0 1
1 1 534925 39.4 120 48 2.55716485214431 2.68236100808723 5 1 3.65799196972981 3 3 1 1.91507110089131 6.36109719619245 4 4.99457295405989 56 64 1 2 3 2 1400 0 0 2
1 1 527916 38.3 40 18 1 1 1 1 3 1 1 1.80557905579994 1.85096784839205 4.97925572710864 2 1 43 5.9 1 3.87894597364977 1 2 0 0 0 1
2 1 528299 38.6461270414136 44 24 1 1 1 1 3 3 1 2 1 5.61717986517422 2.17937687392285 1 47.9911846266922 6.3 2.09444399987524 3.96433894898898 1 2 3111 0 0 2
1 1 530254 38.4 104 40 1 1 3 1 2 4 2 2 3 6.5 2.59503229442314 4 55 8.5 1.90659389966172 3.75112687465663 1 1 2124 0 0 2
1 1 535085 39.0373591945882 65 24 2.65258931478363 2.78456207829982 2.43336892948367 2 5 3.35522836491617 4 3 1 6.45192778529197 2.15960463349184 5 51.6918978508898 7.26629737618914 2.54104670505934 3.78726259991822 3 1 3205 0 0 2
2 1 532985 37.5 44 20 1 1 3 1 3.3820056191498 1 1 1.860039915986 2.02704972006042 5.02452853024183 1 4.9661955134084 35 7.2 1.77868102167371 3.81335231689267 1 2 0 0 0 2
2 1 527677 39 86 16 3 3 5 1.7288169567946 3 3 3 1.78701866028506 2 6.39629005907265 2.07687877355917 4.99836543673412 68 5.8 3 6 2 1 5400 0 0 1
1 1 535292 38.5 129 48 3 3 3 1 2 4 3 1 3 2 2.86565096962098 4.99282323548216 57 66 3 2 1 1 2206 0 0 2
1 1 529729 38.7699760303517 104 39.1323862473727 3 3 5 2 2 4 3 1.72793713134615 3 6.55046346971557 4 4 69 8.6 2 3.4 2 1 2207 0 0 1
2 1 518476 38.8025108043556 101.32338231382 41.0342396792181 3 4 6 1.41539273463021 4 3.43473405654917 4 1.90865962604447 1.58408908888656 6.53325521805336 2.62444681491388 4.99862448540635 51.4777517119479 7.08001156979201 2.74372607657123 3.33361260280483 2 1 3400 0 0 1
1 1 527929 38.3444693298205 71.9377308744427 29.8493795926678 2.25548490414013 2.59335294162687 3.40951172989974 1.29179589843391 3.54230443695394 3.49815707597749 1.78148755944077 1.80003657190156 2.08045835527023 5.76906775915354 2.56997374522089 4.99663989891188 47.6967687326375 6.79571969674438 2.04879797963965 3.75909220237702 1 1 2208 0 0 2
1 1 535130 38.2 60 30 1 1 3 1 3 3 1 2 1 5.23225602222701 3 2 48 66 1.92486526973091 3.84144315484339 1 1 6112 0 0 2
1 1 523190 38.2853042327573 68 14 2.78752354511551 2.80514309051505 4 1 4 3.16946630433964 1.43819165713024 1.90621566067629 1 4.3 2.25852798139765 4.99635588458123 45.8016453206969 6.38623054442368 2 2.8 2 1 4205 0 0 1
1 1 533968 38.7030407161362 60 30 3 3 4 2 5 4 4 1 1 6.33288868159459 4 4.991978102909 45 70 3 2 1 1 6111 3111 0 2
2 1 528151 38.5 100 41.6098743247669 3 3 5 2 4 3 4 2 1 6.69591487197415 4 5 51.5538942420093 7.18725891290844 2.81483006054968 3.46765917550272 3 2 1111 0 0 1
1 1 530239 38.4 84 30 3 1 5 2 4 3 3 2 3 6.5 4 4 47 7.5 3 4.15071078577676 2 1 2300 0 0 2
2 1 528305 37.8 48 14 2.22725938179639 2.56557930512752 1 1 3 3.39663899216546 2 1 3 5.3 1 4.97606837967469 35 7.5 1.93401937927786 3.8738504060764 1 2 3111 0 0 1
1 1 5279822 38 87.2750112292082 24 3 3 6 2 5 3.41305144730193 4 1 1 6.23050031733734 2.88831031023276 4.98781796116841 68 7.8 2.53231860901548 3.51108301384473 2 1 2205 0 0 2
2 1 534857 37.8 56 16 1 1 2 1 2 1 1 2 1 4.78231307122196 1 4.94167523337818 44 68 1 1 1 2 0 0 0 2
2 1 534053 38.2 68 32 2 2 2 1 1 1 1 3 1 5.12017193198916 1 1 43 65 2.15785765399429 3.87812016346708 1 2 0 0 0 2
1 1 534833 38.5 120 60 4 3 6 2 3.57522738008064 3 2.52273514251131 1.71327632672466 1.77183503220954 6.35840761958726 3.06788063314711 4.99557953762982 54 6.96266209923252 2.65996349724113 3.55787190044183 1 1 5400 0 0 2
1 1 5278331 39.3 64 90 2 3 1 1 2.84128069293517 3 1 1 2 4.91968639101926 1.94103755085724 4.58559358522642 39 6.7 1.77600507533751 3.47163274630019 1 1 21110 0 0 2
1 1 527365 38.4 80 30 4 3 1 1 3 3 3 3 3 6.06279199495876 4 5 32 6.1 3 4.3 1 1 7209 0 0 1
1 1 533887 38.5 60 23.3732655598648 1 1 3.63575727620659 1 3.34714970234831 1 1 1.82779074605994 2.01016828111709 5.00320717787294 2.31724283117485 4.94415973142264 33 53 1 3.81922319959014 1 1 4111 0 0 2
1 1 5299603 38.3 60 16 3 1 1 1 2 1 1 2 2 3 1 4 30 6 1 3 1 1 31110 0 0 2
1 1 528742 37.1 40 8 2.82996208639269 1 4 1 3 3 1 1 1 4.56538226452781 3 3 23 6.7 3 3.94997655524886 1 1 3133 0 0 1
2 9 5287279 38.7650812944859 100 44 2 1 1 1 4 1 1 1.87098735145577 1.77844936111634 5.29997306627695 1 4.76433853775704 37 4.7 2.03677430168585 3.77766832989668 1 2 7111 0 0 2
1 1 534788 38.2 48 18 1 1 1 1 3 3 3 1 2 5.65802430341221 4 4.9718246630228 48 74 1 2 1 1 5111 0 0 2
1 1 529373 38.8564929265407 60 48 3 3 4 2 4 3 4 1.76046434671794 1.77326572594054 6.58044125876285 2.66915468518096 4.99756346711556 58 7.6 2.61865997670499 3.77518864382041 2 1 3205 0 0 2
2 1 534163 37.9 88 24 1 1 2 1 2 2 1 1.74440810836649 1.95958010018315 5.54429463968036 4 1 37 56 2.09029283904968 3.93674398684649 1 2 0 0 0 2
2 1 533697 38 44 12 3 1 1 1.42709562021094 3.07290752147847 1 2 1.75923704932547 1.7616413919595 5.48583277238126 1 4.95734313443291 42 64 2.20811423550793 4.02564809488102 1 2 0 0 0 2
2 1 529628 38.5 60 20 1 1 5 2 2 2 1 2 1 5.73605555888621 2 3 63 7.5 2 2.3 3 2 300 0 0 1
2 1 521399 38.5 96 36 3 3 2.63865559579671 2 2 4 2 1 2 6.57225412966737 4 5 70 8.5 2.77833700879348 4.14490418263278 2 1 1400 0 0 1
2 1 533885 38.3 60 20 1 1 1 2 1 3 1 1.64735971902852 1.92147783415733 5.91900306986267 3 4.98017074470325 34 66 2.27151052964665 4.20509451565355 1 2 0 0 0 2
2 1 534157 38.5 60 40 3 1 2 1 2 1 2 1.67418641614375 1.74235022885251 5.82201521228061 3 2 49 59 2.40367455607641 4.09515805975218 1 2 0 0 0 2
1 1 528047 37.3 48 12 1 2.64358596667324 3 1 3 1 3 2 1 4.48006931612484 3 3 40 6.6 2 3.74115509316435 1 1 3205 0 0 1
1 1 528641 38.5 86 32.1150191781221 1 1 3 1 4 4 3 2 1 5.64595226567082 3 5 45 7.4 1 3.4 2 1 3209 0 0 1
1 1 534073 37.5 48 40 2.5138039850991 2.57033407491537 3.42376026549661 1.301238886712 3.60601319550211 3.45884012487667 2.09730023395153 1 1 5.91242564354231 2.77474423576739 5 41 55 3 2 3 1 2208 0 0 2
2 1 529685 37.2 36 9 1 1 1 1 2 3 1 2 1 3.88443152331739 4 1 35 5.7 1.32169243323069 3.30214365287317 1 2 31110 0 0 2
1 1 529528 39.2 71.4945292021759 23 3 1 3 1 4 4 2 2 1.67470724557666 5.09700731809431 2.56452775880763 4.99225639162539 36 6.6 1 3 1 1 3115 0 0 1
2 1 528151 38.5 100 40.3403087152436 3 3 5 2 4 3 4 2 1 6.62893453744213 4 5 51.4184682620137 7.18223049594629 2.73220637583901 3.52208622686335 3 2 4124 0 0 2
1 1 535137 38.5 96 30 2 3 4 2 4 4 3 2 1 5.99664485077121 3 5 50 65 2.41518968080989 3.74288911710795 1 1 6111 3112 0 2
1 1 530297 38.1640310225874 68.2613676658366 29.5513988945916 1.79901950997711 2.80915460887191 3.10918442912007 1.17768397856029 3.7678070537777 3.72352493960985 1.64132980433162 1.90633165571879 2.42294658275102 5.90150486301042 2.35465349732867 4.99824564871716 45 8.7 1.70198277943009 3.63796805168095 2 1 2208 0 0 2
1 1 535338 37.8 88 80 3 3 5 2 4.05683643039951 3 3 2 3 6.79762285382122 4 5 64 89 2.60576764178081 3.02467790545502 3 1 3205 0 0 2
2 1 534478 37.5 44 10 3 1 1 1 3 1 2 2 1.88936771300502 4.97937577334849 3 3 43 51 1 1 1 2 0 0 0 2
1 1 530401 37.9 68 20 2.56920207719555 1 2 1 2 4 2 1.80756719999793 1.71833063717088 5.20765793019279 1 5 45 4 3 2.8 2 1 5400 0 0 1
1 1 529893 38 86 24 4 3 4 1 2 4 4 1 1 5.59353073595289 4 5 45 5.5 1 10.1 2 1 3111 0 0 1
1 9 5294369 38.9 120 30 1 3 2 2 3 3 3 3 1 3 2.11278629478106 4.94575342525845 47 6.3 1 3.80689772177644 1 2 2124 0 0 2
1 1 528183 37.6 45 12 3 1 3 1 3.10768315325433 2 2 2 1 3.9300390248599 1 4 39 7 2 1.5 1 1 2112 0 0 1
2 1 529183 38.6 56 32 2 1 1 1 1 1 1 2 1.54779686548374 5.26969940911299 2 4.97041421270092 40 7 2 2.1 1 2 0 0 0 1
1 1 529135 37.8 40 12 1 1 1 1 1 2 1 2 1 4.7779971513036 1 2 38 7 1.81376519818014 3.78888809709372 1 1 3111 0 0 2
2 1 528977 38.8532069735662 84.5855609852793 32.3330147868035 2.56752401379307 2.65333822922773 2.86788734663857 1.48264343221759 3.15303250454058 3.33451946266286 2.18020480475145 1.83144117418875 1.73363246030224 6.08963145944098 2.27391216305961 4.99522794042511 49.9038477313212 7.11885406125777 2.38945896824841 3.90733300579035 1 2 0 0 0 2
1 1 5279441 38 76 18 2.71477744984568 2.35413160861332 3.49383716085938 2 3.23793547510679 3.23991530216353 1.99072392460843 1.69318488970391 1.73769894372853 5.78581521569606 2.7089544206218 4.98388091460275 71 11 2.42526805803741 3.93383187379969 1 1 2209 0 0 1
1 1 535240 38.1 40 36 1 2 2 1 2 2 1.44234730300073 1.90453865749402 2.43886865475253 5.68897210443445 2.23091495300758 4.98777990153151 47.8756668834688 6.72303051123252 1.59109061739584 3.74265840348832 3 1 3112 0 0 2
1 1 529736 38.3625238026512 52 28 3 3 4 1 3 4 3 2 1 5.21059044332694 4 4 37 8.1 2.2306098410361 3.71334481511547 1 1 2111 0 0 2
1 1 535029 39.2 88 58 4 4 2.63745095963716 2 5 4 2.74315594515387 1.89232682348529 1.71508145224918 6.58495722200215 2.53811863077477 4.99630445668212 51.3729474909181 7.12816728147074 2 2 3 2 3205 0 0 2
1 1 535031 38.5 92 40 4 3 3.54770580985366 1 2 4 3 1.80338889687054 1.74442222186889 5.78237168663834 4 4.99386865979798 46 67 2 2 1 1 2208 0 0 2
1 1 528800 38.5166889509713 112 13 4 4 4 1 2 3 1 2 1 4.5 4 4 60 6.3 3 3.7422883436743 1 1 2205 0 0 1
1 1 528178 37.7 66 12 1 1 3 1 3 3 2 2 1.74231236649012 4.87075367738655 4 4 31.5 6.2 2 1.6 1 1 2208 0 0 1
1 1 535392 38.8 50 14 1 1 1 1 3 1 1 1 1 5.38546336666313 3 5 38 58 2.15890217190413 4.06244179952659 1 1 3111 0 0 2
2 1 528931 38.4 54 24 1 1 1 1 1 3 1 2 1 5.32560635741094 3 2 49 7.2 1 8 1 2 3111 0 0 1
1 1 528503 39.2 120 20 4 3 5 2 2 3 3 1 3 6.55578860909663 2.64368046004582 4 60 8.8 3 4.17282612988287 2 1 2205 0 0 2
1 9 5289419 38.6376855078025 81.7224838518201 31.5121254607102 2.74653462045098 2.45141721627029 3.17012611887156 1.3923195519272 3.21614808472607 3.16128103234243 2.09820678426652 1.79488204307417 1.70065198385986 5.6894849261069 2.49965130880321 4.93082656506097 45 6.5 2 3.71560440080866 1 1 9000 0 0 1
1 1 535196 37.3 90 40 3 2.73980784700572 6 2 5 4 3 2 2 6.3093798264631 1 5 65 50 3 2 3 1 3205 0 0 2
1 9 534597 38.5 120 70 2.66111254815805 2.50922916096205 2.77192904504615 1.39608021758373 3.13228613184527 1 2.12929490489644 2 1.74409499417155 5.76101848296933 1 4.8969464791839 35 54 1 1 1 1 4205 3111 2209 2
1 1 534280 38.5 104 40 3 3 3.22306970301702 1 4 3 4 1.86177570870425 1.84097255401607 6.38407097499927 3.05236354904982 4.99549663109924 49.5671010729639 6.7999918896859 2.5768938536765 3.1008803905764 1 1 2124 0 0 2
2 1 530028 39.5 92 28 3 3 6 1 5 4 1 1.82471558461491 3 5.9576755698621 4 4.99616952041379 72 6.4 2.16388733460115 3.6 2 2 3300 0 0 2
1 1 5262543 38.5 30 18 2.29323325226027 2.41924525834081 3.57068227591447 1.28368660724211 3.34238260859047 3.29157892179943 1.46229330090232 1.76258131680741 2.04125704177289 5.28738969283312 2.46383660110579 4.947041312363 40 7.7 1.92145746893881 3.89818715115257 1 1 2113 0 0 2
1 1 530526 38.3 72 30 4 3 3 2 3 3 3 2 1 5.4487187423604 3 5 43 7 2 3.9 1 1 3113 0 0 1
2 1 528729 37.5 48 30 4 1 3 1 3.14658004434236 2 1 1 1 5.0229260121957 1 1 48 8.6 2.18215816867311 3.89024175465119 1 2 400 0 0 2
1 1 528469 38.1 52 24 1 1 5 1 4 3 1 2 3 7 1 4.99530026032854 54 7.5 2 2.6 2 1 2206 0 0 1
2 1 528179 38.2 42 26 1 1 1 1 3 1 2 1.82559703720723 2.00857709531884 5.38831264528696 1 4.93937720258873 36 6.9 1.91538628456322 3.89573582085041 1 2 3111 0 0 2
2 1 533750 37.9 54 42 2 1 5 1 3 1 1 1.71772844957927 1 5.23082628572348 2.61089434134167 2 47 54 3 1 1 2 0 0 0 2
2 1 528702 36.1 88 37.0012867154037 3 3 3 1 3 3 2 2 3 5.99164675098372 2.84997098163143 4 45 7 3 4.8 3 1 2209 0 0 1
1 1 534183 38.1 70 22 1.96778989400889 1 3.32224677977641 1 5 3 1.62964704447899 1.87438378576991 2.29877349041117 5.7067745152708 2.44997677885186 5 36 65 1.78632462124747 3.63441817981959 3 1 3205 0 0 2
1 1 529160 38 90 30 4 3 4 2 5 4 4 1.79767463876889 1.93361870802111 6.68155338315522 4 5 55 6.1 2.65581098048955 3.092832922472 2 1 3205 0 0 2
1 1 529045 38.2 52 16 1 1 2 1 1 2 1 1 1 4.84872799461345 1 4.9813392898414 43 8.1 2.20313648204938 3.98739818840502 1 2 0 0 0 1
1 1 530354 38.0847586679228 36 32 1 1 4 1 5 3 3 2 3 4 2.36397884897345 4 41 5.9 1.56986498263442 3.74614674041597 2 1 2205 0 0 2
1 1 5281091 38.4 92 20 1 2.4258658285828 3.22707024131457 2 3.05478147572154 3 3 1.73650018535941 1.65712524143738 5.78861189661897 1 4.97643272893199 48.0496938466911 7.0350695439537 2.42660438810218 4.02510448505663 1 1 2208 0 0 1
1 9 5291409 38.2 124 88 1 3 2 1 2 3 4 1.87882283273711 1.82687972570587 6.40366112867433 2.78131883021217 4.95177187946632 47 8 1 3.22546967966844 1 1 9400 0 0 1
2 1 528904 39.0421767518541 96 34.7347630091651 3 3 3 2 5 4 4 1.91424940842339 1 6.08295320452282 4 5 60 7.15627719059324 2.42379542927708 3.65733338822829 2 1 41110 0 0 2
1 1 530366 37.6 68 32 3 2.72933621723481 3 1 4 2 4 2 2 6.5 1 5 47 7.2 1 3.56480271541509 1 1 3209 0 0 2
1 1 530170 38.1 88 24 3 3 4 1 5 4 3 2 1 5.68762097470035 3 4 41 4.6 2.24707166236361 3.20384537022371 2 1 2209 0 0 2
1 1 527709 38 108 60 2 3 4 1 4 3 3 2 1.92069459177337 6.51221334457109 3 4 49.6403266277076 6.70128371178846 3 2.83195812098208 1 1 2205 0 0 2
2 1 528169 38.2 48 28.4120774955431 2 2.40212396460055 1 2 3 3 1 2 1 5.67329540847416 2.4396336324446 2 34 6.6 2.27248348036883 4.05470998052969 1 2 3111 0 0 2
1 1 535043 39.3 100 51 4 4 6 1 2 4 1 1 3 2 2.46069953125615 4 66 13 3 2 3 1 2113 0 0 2
2 1 527940 36.6 42 18 3 3 2 1 1 4 1 1 1 5.04692464277094 2.23439815631702 5 52 7.1 1.8477819363556 3.74013693370093 2 1 5111 0 0 2
1 9 5291719 38.8 124 36 3 1 2 1 2 3 4 1 1 6.60691667713057 4 4 50 7.6 3 3.70202206394201 2 1 2208 0 0 1
2 1 530561 38.8646647321864 112 24 3 3 4 2 5 4 2 1.69079466727906 1.61745752345716 6.27405655369881 4 4.99859782745394 40 5.3 3 2.6 1 2 400 0 0 1
1 1 533738 38.3028372622856 80 40.4704296102191 3 3 3 1 4 4 4 1.84280827518768 1.92876998060919 6.36853404385242 4 5 43 70 2.49943440640636 3.14754132119824 1 1 3111 0 0 2
1 9 5294539 38.8 184 84 1 2.61840985938512 1 1 4 1 3 1.8942469150478 1.75177724064073 6.39750579747922 2 4.91495801464476 33 3.3 2.52703782358913 3.38888729306645 2 1 7111 0 0 2
1 1 533871 37.5 72 25.3526088949017 2 1 1 1 2 1 1 1 1 5.10394686655056 1 4.88443406024539 35 65 2 2 3 1 7209 0 0 2
1 1 529812 38.7 96 28 3 3 4 1 4.05182846243248 4 2.8282211473411 1.86392724298781 3 7.5 3.15780455139217 4.99881535492785 64 9 2.56723318523918 3.0082487010843 2 1 2205 0 0 1
2 1 534719 37.5 52 12 1 1 1 1 2 3 2 2 1 5.0933702238186 3 5 36 61 1 1 1 2 0 0 0 2
1 1 527734 40.8 72 42 3 3 1 1 2 3 1 2 1 6.60667924912254 1.55603660706277 4.99212431583516 54 7.4 3 4.32990687879663 2 1 11400 0 0 1
2 1 534933 38 40 25 2.52221672983315 1 1 1 4 3 2 1 1 5.75944464691963 4 4.98358602782881 37 69 2.26203487636856 4.00777871152026 1 2 0 0 0 2
2 1 529296 38.4 48 16 2 1 1 1 1 3.10345655890249 2 2 1 5.43785918169526 2.35562447696885 2 39 6.5 2.36889322742189 4.0423745014108 1 2 3111 0 0 1
2 9 5305629 38.6 88 28 2.59039200005659 2.46074896539484 3.11545062419946 1.42073945947585 3.18115685581962 3.21593814433337 1.97345061727658 1.78297373734634 1.7955661709055 5.7594255792948 2.41040538115523 4.94740074535108 35 5.9 2.27966885851473 3.86670071547578 1 2 0 0 0 2
1 1 528743 37.1 75 36 2.52123428955663 2.39900027228556 3 2 4 4 2 2 3 5 4 4 48 7.4 3 3.2 2 1 12208 0 0 1
1 1 530478 38.3 44 21 3 1 2 1 3 3 3 2 1 4.68707528886081 1 5 44 6.5 2 4.4 1 1 2209 0 0 1
2 1 528590 39.2047371445512 56 68 3 1 1 1 3 3 1 2 1 6.26666953684484 1 4.97932079832205 40 6 2.44913738824461 4.04745150509058 3 1 5206 0 0 2
2 1 529865 38.6 68 20 2 1 3 1 3 3 2 1 1 4.94420621899159 1 5 38 6.5 1 3.93561306399847 1 2 5124 0 0 1
2 1 527829 38.3 54 18 3 1 2 1 2 3 2 1.54449514582606 3 5.4 2.91352764502334 4 44 7.2 3 4.23081202157666 1 2 2124 0 0 1
1 1 534403 38.2 42 20 2.0601679411299 2.65849404200317 1 1 3.57294283099262 3 1.50564878866958 1.83814802692937 2.19167824223561 5.48213499640442 3 4.99109899407221 47 60 1.81438674332372 3.7675087349489 1 2 0 0 0 2
1 1 527883 39.3 64 90 2 3 1 1 2.84370361395101 3 1 1 2 6.5 1 5 39 6.7 1.77314621799366 3.5311532056893 1 1 31110 0 0 2
1 1 528570 37.5 60 50 3 3 1 1 3 3 2 2 2 3.5 3 4 35 6.5 1.83052425366632 3.54766705144495 2 1 2209 0 0 2
1 1 534626 37.7 80 29.8735341748151 3 3 6 1 5 4 1 2 3 5.42195457212794 3 1 50 55 3 2 1 1 4206 0 0 2
1 1 529796 38.3919383821964 100 30 3 3 4 2 5 4 4 3 3 6.62103290355454 4 4 52 6.6 2.55663884920807 3.16409495092632 1 1 2124 0 0 2
1 1 528638 37.7 120 28 3 3 3 1 5 3 3 1 1 6.66176682891144 3.31516374244944 4.99842832300882 65 7 3 2.71644026305978 2 1 4205 0 0 1
1 1 534624 38.7919416624655 76 38.2323656143348 2.50393530926614 3 2.47063317367757 1.40999786122044 3.45287697609276 4 4 1.9377419255447 1.84286512290916 6.56536894018894 2.32936077963642 5 51.668083286215 7.1398854261521 2.43550767494082 3.51935422214635 3 1 11124 0 0 2
1 9 5297159 38.8 150 50 1 3 6 2 5 3 2 1 1 6.27852254301892 2.6642741073101 4.98153678793761 50 6.2 2.52624477218867 3.67493360095516 2 1 4207 0 0 2
1 1 534787 38 36 16 3 1 1 1 4 2 2 3 3 2 3 4.94682572537091 37 75 2 1 3 2 3111 0 0 2
2 1 528620 36.9 50 40 2 3 3 1 1 3 2 3 1 7 2.30591115636431 4.98093916324288 37.5 6.5 1.95787953477902 3.66865674125218 1 2 3111 0 0 2
2 1 528019 37.8 40 16 1 1 1 1 1 1 1 1.84098727225719 1.93282665509367 5.13143456998727 1 1 37 6.8 1.89017714830239 3.87090831024787 1 2 0 0 0 2
2 1 529172 38.2 56 40 4 3 1 1 2 4 3 2 2 7.5 2.42556204732861 4.98250120652836 47 7.2 1 2.5 1 2 8300 0 0 1
1 1 534644 38.6 48 12 2.58960817227437 2.306687206949 1 1.45070090343601 1 1 1.70145539424112 1.68926825794168 1.79397666739361 5.52301057531478 2.51942655455674 4.96407534553282 36 67 2.24650877824849 4.09349028517108 1 2 0 0 0 2
2 1 530624 40 78 31.3994035494505 3 3 5 1 2 3 1 1 1 5.98417401516465 4 1 66 6.5 2.62789618610494 4.11661508495124 2 1 8400 0 0 1
1 1 527544 38.7518705274567 70 16 3 4 5 2 2 3 2 2 1 5.49037679772083 4 5 60 7.5 2.36871269954866 3.96962360659125 2 1 1400 0 0 2
1 1 527758 38.2 72 18 2.21476724625817 2.57504247062546 3.76620381282603 1.23429708052755 3.45384080050035 3.42683011705977 1.40991002375642 1.79482886485873 2.04654051770997 5.21698303642556 2.47156669391197 4.992692370454 35 6.4 1.88320207339149 3.86043780129937 1 1 3124 0 0 2
2 1 530439 38.5 54 25.48740652733 1 1 1 1 3 1 1 2 1 5.20039150708249 1 4.97507119539344 40 6.8 2 7 1 2 0 0 0 1
1 1 5283431 38.5 66 24 1 1 1 1 3 3 1 2 1 3.4203608169087 4 5 40 6.7 1 3.14419952993031 1 1 31110 0 0 1
2 1 5275212 37.8 82 12 3 1 1 2 4 3.29689526897488 3 1 3 6.26135799814972 2.45491056419778 4.95252319689505 50 7 2.32778892898681 3.90340011136461 3 1 2205 0 0 2
2 9 5305129 39.5 84 30 2.62778835089456 2.46705484355448 3.00900880822912 1 3.09930721696753 3.16211702791773 1.99293798036769 1.79905376390628 1.7457481149513 5.72965832778051 2.31509386460224 4.93447365787096 28 5 2.29177799773739 3.87976454661958 1 2 0 0 0 2
1 1 529428 38.3455165274259 71.9705563600518 29.8578317642719 2.25818846694429 2.5923166851148 3.41106197433795 1.29243552201209 3.54129545525572 3.49707245166671 1.78280508256691 1.79948343406723 2.07847005865681 5.76886356438683 2.57142282059341 4.99667490849017 47.694553159273 6.79603823747754 2.05102153213291 3.75947541183885 1 1 2124 0 0 2
1 1 529126 38 50 36 2.46352907424902 1 1 1 3 2 2 1.72350423850851 1.90391213374664 5.25667696773791 3 4.95971693286054 39 6.6 1 5.3 1 1 8400 0 0 1
2 1 535054 38.6 45 16 2 1 2 1 1 1 1.73573399383281 1.80400758662142 1.71491751317674 5.38030780710817 1 1 43 58 2.17726566735292 3.9874160828614 1 2 0 0 0 2
1 1 528890 38.9 80 44 3 3 3 1 2 3 3 2 2 7 3 1 54 6.5 3 3.62248447242761 2 1 7111 0 0 2
1 1 530034 37 66 20 1 3 2 1 4 3 3 1 2.24213579682439 4.70727569639339 1 5 35 6.9 2 3.41824060951143 2 1 31110 0 0 2
1 1 534004 38.606906443178 78 24 3 3 3 1 3.38694268491279 3 2.1932860458334 2 1 5.85007668690871 2.30262144219499 4 43 62 2.29026972604192 2 3 2 2209 0 0 2
2 1 533902 38.5 40 16 1 1 1 1 2 1 1 1.75440110751862 1.93343793317787 5.43160704077275 3 2 37 67 2.04674777844402 3.99332283796975 1 2 0 0 0 2
1 1 533886 39.1606300523774 120 70 4 2.68672995093331 4 2 2 4 2.81097197204322 1.84654112755061 1.57054300201385 6.7736091982559 2.351861853947 5 55 65 2.77208528142209 3.77779708244912 3 2 3205 0 0 2
2 1 527702 37.2 72 24 3 2 4 2 4 3 3 3 1 6.10875069323634 4 4 44 6.93101735416533 3 3.3 3 1 2208 0 0 1
1 1 529386 37.5 72 30 4 3 4 1 4 4 3 2 1 5.71123523278964 3 5 60 6.8 2.30072534402463 3.15368386802816 2 1 3205 0 0 2
1 1 530612 36.5 100 24 3 3 3 1 3 3 3 3 1 5.45065537248183 4 4 50 6 3 3.4 1 1 2208 0 0 1
1 1 534618 37.2 40 20 1.84845906120014 2.76800739767865 3.30043675223061 1.11915462444131 3.70238618611048 3.60847763665161 1.44569341868433 1.91618355158323 2.36460411270003 5.46799969247277 4 1 36 62 1 1 3 2 6112 0 0 2
2 1 528626 38.5 54 20 2.69355445632677 1 2 2 3 4 1 2 2 5.9 2.79784954441345 2 42 6.3 2.50044253197252 4.30720247740957 1 2 3111 0 0 1
2 1 527950 37.6 48 36 2.31014205123788 2.68385378688977 1 1 3.44520185218039 3 1.61710071413748 1.85407204999557 1.94736088857911 5.30822080921987 2.39212877780818 4.98785484344931 44 6.3 1 5 1 2 3111 0 0 1
1 1 535263 37.7 44 28 2.64776747455095 4 3 2 5 4 4 1 1 6.03044009186524 3 5 45 70 3 2 1 1 3205 0 0 2
1 1 534523 37 56 24 3 1 4 2 4 4 3 1 1 6.04493708729118 2.90758479029624 4.98824155654754 35 61 3 2 3 2 2205 2208 0 2
2 1 528926 38 42 12 3 2.56252767430033 3 1 1 3.24045715958264 1 1.81819650068174 1.8180000766743 4.92568059959834 2.31120895870389 2 37 5.8 1.96353796341033 3.87477828240546 1 2 3111 0 0 2
1 1 534922 38.3839298715217 60 40 3 2.747581259158 1 1 3.59681517640353 4 2.02710902507339 3 2 5.89830423336372 2.48204901830451 5 42 72 2.11231999812207 3.5471356480598 1 1 3111 0 0 2
2 1 527642 38.4 80 60 3 2 2 1 3 2 1 2 2 5.74616832447266 1 1 54 6.9 2.26555922883845 3.86837069966703 1 2 0 0 0 2
2 1 5279821 37.8 48 12 2 1 2 1 3 3.23288703474442 1 2 1.83711028199981 4.79165423968924 2 4.94264544779125 48 7.3 1 3.76311945951489 1 2 0 0 0 1
1.16157376731655 1 534790 38 65 40 2.55533969320746 1 4 2 2 3.2760146501767 1.94518989150212 1.65985499197654 1.89891174084858 6.03001253879832 2.68650717154337 5 47.4595368491117 7.03929998520682 2.35321376180821 4.0626296219996 1.55683857612126 1 3111 3205 0 2
2 1 5275211 37.9 45 36 3 3 3 2 2 3 1 2 1 5.35761890475056 3 4.97948330220359 33 5.7 3 4.08605146984597 1 1 2205 0 0 1
2 1 5278332 39 84 12 3 1 5 1 2 4 2 1 2 7 2.52698833099672 4 62 5.9 2 2.2 2 1 2208 0 0 1
2 1 528959 38.2 60 24 3 1 3 2 3 3 2 3 3 5.94446200961228 4 4 53 7.5 2 1.4 1 2 1124 0 0 1
1 1 534921 38.7580332075737 140 41.0921486655286 2.82299992434918 2.58128180104475 4 2 5 4 4 1 1 6.67377530055099 2.8441819149787 5 30 69 2.71975843359008 3.48882820875337 2 2 6112 0 0 2
1 1 528999 37.9 120 60 3 3 3 1 5 4 4 2 2 7.5 4 5 52 6.6 3 1.8 2 1 3205 0 0 1
2 1 528067 38 72 36 1 1 3 1 3 3.25801995116889 2 2 1 5.23880024030597 3 5 38 6.8 2 2 1 2 3124 0 0 1
2 9 5291329 38 92 28 1 1 2 1 1 3 2 3 1.80196333045516 7.2 2.2402933185886 4.93555395847286 37 6.1 1 1.1 1 2 0 0 0 1
1 1 529478 38.3 66 30 2 3 1 1 2 4 3 3 2 8.5 4 5 37 6 2.04278191978111 3.52567375827461 1 1 5111 0 0 2
2 1 529991 37.5 48 24 3 1 1 1 2 1 1.65813254896659 1 1 4.98570500589187 3 2 43 6 1 2.8 1 2 7111 0 0 1
1 1 530033 37.5 88 20 2 3 3 1 4 3 3 1.94801938573867 2.36984578889804 5.40295141655396 2.27159357086667 4.99420262826654 35 6.4 1 3.57380006968419 2 1 2205 0 0 2
2 9 5299049 39.0964178082606 150 60 4 4 4 2 5 4 4 1.9212809625093 1.54438176771018 6.87856166568949 2.39379780557088 4.99366684079983 52.909031196042 7.32600977539985 2.82875174909277 3.49339644119142 2 1 1400 0 0 2
1 1 534497 39.7 100 30 2.70097086068559 2.34997863282801 6 2 4 4 3 1 1.79701742765122 6.54215711107869 4 5 65 75 2.61112226502418 3.99451883554958 3 1 3205 0 0 2
1 1 528369 38.3 80 34.8574447891577 3 3 4 2 5 4 3 2 1 5.88492847317235 4 4 45 7.5 2 4.6 1 1 3209 0 0 1
2 1 530107 37.5 40 32 3 1 3 1 3 2 3 2 1 4.77154176260024 2.46741146425742 5 32 6.4 1 1.1 1 1 3124 0 0 1
1 1 530239 38.4 84 30 3 1 5 2 4 3 3 2 3 6.5 4 4 47 7.5 3 4.12537661401978 2 1 6111 0 0 2
1 1 530505 38.1 84 44 4 1.87341786362927 4 2 5 3 1 1 3 5 3.26525842600526 4 60 6.8 2.63412615208167 5.7 2 1 2209 0 0 1
2 1 529567 38.7 52 25.9684154322629 1 1 1 1 1 3 1 1.80144903730373 1.90930536091664 5.3615790526146 1 3 4 74 2.01116396983597 3.92958628138301 1 2 0 0 0 2
2 1 529597 38.1 44 40 2 1 3 1 3 3 1 1.81482761522291 2.03055228844892 5.27469687505056 1 3 35 6.8 1.88545150950116 3.88443942677756 1 2 0 0 0 2
2 1 534429 38.4 52 20 2 1 3 1 1 3 2 2 1 5.00526306771394 3 5 41 63 1 1 1 2 0 0 0 2
1 1 529629 38.2 60 23.7712522773669 1 2.34811223412783 3 1 2 1 1 1 1 4.86588370815713 4 4 43 6.2 2 3.9 1 1 2206 0 0 1
2 1 528382 37.7 40 18 1 1 1 1.40420697803841 3 2 1 1 1 5.52164809553665 3 3 36 3.5 2.13787749472594 4.06610001652699 1 2 400 0 0 2
1 1 534898 39.1 60 10 2.59432841291885 1 1 1.58492884991192 2 3 1.80978260991332 1.51448074879796 1.94497012460992 6.07553828414452 4 4 46.2706817982877 7.08382934247646 2.41194321090563 4.30703393356316 1 1 2113 0 0 2
2 1 529615 37.8 48 16 1 1 1 1 3.27297396286487 1 1 2 1 5.28346232011263 4 3 43 7.5 2.04787104830433 3.88832446052877 1 2 0 0 0 2
1 1 526090 39 120 38.3563527551584 4 3 5 2 2 4 3 2 3 8 2.73710915533272 4.99655834126132 65 8.2 3 4.6 1 2 5110 0 0 2
1 1 529765 38.2 76 32.8800954593754 2 3 2 1 5 3 3 1 2 6 1 5 35 6.5 2 0.9 1 1 3205 0 0 1
2 1 528310 38.3 88 31.1659625850874 2.43708579193259 2.62846039939386 6 1.29867540781047 3.51548888818934 3.44927637391679 1.95458480660618 1.81987962564537 1.92780213015044 5.76066736014269 2.5942725328649 4.99435057405156 48.0208968620222 6.79549126727741 2.19068699960828 3.66121148983713 2 2 2300 0 0 2
1 1 529925 38 80 30 3 3 3 1 3.67611939439787 3.56073227508731 1.65737868057651 1.88504379798105 2.10897988100319 6 2.48785065689737 4.99496324588049 48 8.3 1.88663722474586 4.3 1 1 2111 0 0 2
1 1 527807 38.733632715233 85.1073736499187 38.6947606624495 3 1 1 1 2 3 3 1 3 6 4 4 48.442060768093 7.1459964953555 2 3.85477380153022 2 1 2113 0 0 1
1 1 5281441 37.6 40 16.4589730830676 1 1 1 1 1 1 1 1.99272846777201 1.99292281638965 3.10492088974019 1 1 30.7755231192943 6.03490423826405 2 2.1 1 1 31110 0 0 1
2 1 530695 37.5 44 27.9139510581079 1 1 1 1 3 3 2 1.80619166788684 1.90550317976842 5.42794030788387 2.52581145408518 4.98474344167731 45 5.8 2 1.4 1 2 3111 0 0 1
2 1 533889 38.2 42 16 1 1 3 1 1 3 1 1.89996921550341 2.0702573877112 4.99692166366924 1 4.97023549535066 35 60 1 1 1 2 0 0 0 2
2 1 533815 38 56 44 3 3 3 1.33838455947102 3.23009644620484 1 1 2 1 5.27507887743606 4 4.98335667590775 47 70 2 1 1 2 0 0 0 2
2 1 527664 38.3 45 20 3 3 2 2 2 4 1 2 1.86383020640196 5.64029505536696 4 4.99293850363189 47.3653984453118 6.91983539924401 2.19582063136283 4.05450731852709 1 2 0 0 0 2
1 1 5262542 38.3659032682935 48 96 1 1 3 1 3.43314873837002 4 1 2 1 5.60255917621592 1 4 42 8 1 3.71711761956377 1 1 2208 0 0 2
1 1 528268 37.7 55 28 2 1 2 1 2 3 3 1.68923445138215 3 5 4 5 46.686424698053 6.8439661301851 2.01604130792071 3.91668456968893 1 1 3209 0 0 2
2 1 528919 36 100 20 4 3 6 2 2 4 3 1 1 5.95757522673444 4 5 74 5.7 2 2.5 3 1 3205 0 0 1
1 1 527494 37.1 60 20 2 2.63623447556269 4 1 3 3.37005184373393 3 1.82628293246165 2 5 3 4 64 8.5 2 3.61385167905848 1 1 7111 0 0 1
2 1 529980 37.1 114 40 3 2.20518311023574 3 2 2 2 1 1.6174493103905 1.69645184030407 5.84656917303063 2.72677274825367 3 32 7.04327493020268 3 6.5 1 2 400 0 0 2
1 1 533954 38.1 72 30 3 3 3 1 4 4 3 2 1 5.56402948800583 3 5 37 56 3 1 1 1 4206 0 0 2
1 1 5281092 37 44 12 3 1 1 2 1 1 1 1.56464044523193 1.83433004397053 5.49277783421712 4 2 40 6.7 3 8 1 1 2208 0 0 2
1 1 534686 38.6 48 20 3 1 1 1 4 3 1 1.7141166468575 2.02088881117164 5.46337485623151 3 4.97699938977419 37 75 2.03092760965886 3.97923223994079 1 1 3111 0 0 2
1 1 534475 38.6390567965719 82 72 3 1 4 1 2 3 3 1.76722100902238 3 6.62224028922393 4 4 53 65 3 2 3 1 2209 3205 0 2
1 9 5274919 38.2 78 60 4 4 6 1.39077878220632 3 3 3 1.83633383097954 1.59623127899543 5.97582263043728 1 4.99123968670955 59 5.8 3 3.1 2 1 1400 0 0 1
2 1 533815 37.8 60 16 1 1 3 1 2 3 2 1 2 5.73084809223749 3 4.98057250023435 41 73 1.89466521440226 3.86054271809087 3 2 4124 0 0 2
1 1 534156 38.7 34 30 2 2.6946581444418 3 1 2 3 1.52723882819878 1.87008903356717 2.24169583754141 5.58047530899662 2.28893406855221 4.97724003865373 33 69 1.76130248108839 2 3 1 7113 0 0 2
1 1 514279 38.451989151029 36 12 1 1 1 1 1 2 1 1 1 3.83041591058578 1 5 44 6.31991532380327 1.40750096548409 3.34633757993303 1 1 31110 0 0 1
2 1 528433 38.3 44 60 2.34820131501278 2.48161180602387 1 1 3.47810786006852 3.40391679404842 1.85147440864207 1.77267637445922 2.05275117642467 5.82488670142436 2.60685576865645 4.96812952855271 6.4 36 2.11075000592583 3.7660496370181 1 1 0 0 0 2
2 1 527465 37.4 54 18 3 2.52718301888572 1 1 3 4 3 2 2 5.50023363700716 4 5 30 7.1 2 3.65535164954846 1 1 7111 0 0 1
1 1 534268 38.9508153911509 83.832470573958 30.9775244619378 4 3 3.08675976589159 2 2 4 1 1.75767992224964 1.55435171224682 5.90661062874892 2.35047971622466 4.99045841242197 54 76 3 2 1 1 8405 0 0 2
1 1 535337 36.6 48 16 3 1 3 1 4 1 1 1 1 5.03087902347281 2.41667827778826 4.94103763923045 27 56 1.94651661232965 3.7677187104395 3 1 4206 0 0 2
1 1 534111 38.5 90 30.4543839104375 1 1 3 1 3 3 3 2 3 2 4 5 47 79 2.0222669537319 3.68783568647846 1 1 6112 0 0 2
1 1 530576 38.2999013454299 75 12 1 1 4 1 5 3 3 1.77421587048707 3 5.8 2.60999497637581 4.99477563970569 58 8.5 1 3.80613369420091 1 1 2209 0 0 1
2 1 529930 38.2 42 26.3836727348097 3 1 1 1 1 1 2 2 1 5.22568853112008 3 2 35 5.9 2 3.94540569178615 1 2 3113 0 0 2
1 9 5274919 38.2 78 60 4 4 6 1.39116594797927 3 3 3 1.83723880458181 1.59680993997651 5.97781155097494 1 4.99054468481291 59 5.8 3 3.1 2 1 2205 0 0 1
2 1 529695 38.6 60 30 1 1 3 1 4 2 2 1 1 5.39739253995298 2.47877706676801 4.97407712274243 40 6 1 3.95040050191444 1 1 3205 0 0 2
2 1 528452 37.8 42 40 1 1 1 1 1 3 1 1.79018129130109 2.15753417157234 5.52996390188911 3 3 36 6.2 1.86299552957236 3.91147150065113 1 2 4124 0 0 2
1 1 534783 38 60 12 1 1 2 1 2 1 1 1 1 5.27504882849962 1 4 44 65 3 2 3 1 2209 0 0 2
2 1 528926 38 42 12 3 2.45482981232967 3 1 1 1 1 1.79451167490619 1.6979066100299 4.86658539566955 2.3040029310715 1 37 5.8 2.06321231044718 3.90318657415042 1 2 3111 0 0 2
2 1 530670 37.6 88 36 3 1 1 1 3 3 2 1 3 1.5 2.49599642000215 4.97518692633413 44 6 2.02166671251898 3.76999168032244 2 1 2112 0 0 2
